EC RAM:

00: 01 04 02 00 dd 00 00 00 00 00 16 01 00 00 00 00 
10: 00 00 01 00 00 00 00 00 aa dd 00 aa 00 00 00 00 
20: 00 00 31 38 3a 30 31 3a 31 38 00 00 ed 00 00 00 
30: 00 32 30 32 30 2f 31 32 2f 31 34 01 00 00 00 00 
40: 00 00 00 00 00 00 00 00 00 00 00 00 43 4e 31 5f 
50: 00 00 00 00 00 00 00 00 00 00 00 00 00 00 00 00 
60: 00 00 25 00 00 00 00 00 00 00 00 00 00 00 00 00 
70: 4e 4e 2c 00 00 00 00 00 00 00 00 00 00 00 00 01 
80: 02 01 01 00 70 17 b0 1d f6 1a 00 00 01 66 0a 4c 
90: 18 5a 1f 5b 68 00 00 00 00 00 00 00 00 00 00 00 
a0: 00 01 00 00 00 00 00 00 00 00 00 00 00 00 00 00 
b0: 00 00 00 00 00 00 00 00 00 00 00 00 00 00 00 00 
c0: 00 00 00 00 00 00 00 00 00 00 00 00 00 00 00 00 
d0: 00 00 00 00 00 00 00 00 00 00 00 00 00 00 00 00 
e0: 00 00 00 00 00 00 00 00 00 00 00 00 00 00 00 00 
f0: 00 00 00 00 00 00 00 00 00 00 00 00 00 00 00 00 

